5
0.000000 44.000000
38.105118 22.000000
43.301270 25.000000
0.000000 50.000000
0.000000 44.000000
5
0.000000 80.000000
69.282032 40.000000
74.478185 43.000000
0.000000 86.000000
0.000000 80.000000
5
38.105118 22.000000
38.105118 -22.000000
43.301270 -25.000000
43.301270 25.000000
38.105118 22.000000
5
69.282032 40.000000
69.282032 -40.000000
74.478185 -43.000000
74.478185 43.000000
69.282032 40.000000
5
38.105118 -22.000000
0.000000 -44.000000
0.000000 -50.000000
43.301270 -25.000000
38.105118 -22.000000
5
69.282032 -40.000000
0.000000 -80.000000
0.000000 -86.000000
74.478185 -43.000000
69.282032 -40.000000
5
0.000000 -44.000000
-38.105118 -22.000000
-43.301270 -25.000000
0.000000 -50.000000
0.000000 -44.000000
5
0.000000 -80.000000
-69.282032 -40.000000
-74.478185 -43.000000
0.000000 -86.000000
0.000000 -80.000000
5
-38.105118 -22.000000
-38.105118 22.000000
-43.301270 25.000000
-43.301270 -25.000000
-38.105118 -22.000000
5
-69.282032 -40.000000
-69.282032 40.000000
-74.478185 43.000000
-74.478185 -43.000000
-69.282032 -40.000000
5
-38.105118 22.000000
-0.000000 44.000000
-0.000000 50.000000
-43.301270 25.000000
-38.105118 22.000000
5
-69.282032 40.000000
-0.000000 80.000000
-0.000000 86.000000
-74.478185 43.000000
-69.282032 40.000000
5
-0.000000 44.000000
0.000000 44.000000
0.000000 50.000000
-0.000000 50.000000
-0.000000 44.000000
5
-0.000000 80.000000
0.000000 80.000000
0.000000 86.000000
-0.000000 86.000000
-0.000000 80.000000
